Amino Acid	Count	Sum Long	Sum Short	Average Long	Average Short
A	4903	1325.21	1043.72	0.27	0.21
C	1594	293.35	223.71	0.18	0.14
D	4108	1053.45	840.88	0.26	0.20
E	5631	1624.33	1310.05	0.29	0.23
F	3472	749.65	601.08	0.22	0.17
G	4974	1359.62	1093.65	0.27	0.22
H	2064	528.41	423.55	0.26	0.21
I	4769	1142.47	903.90	0.24	0.19
K	5735	1589.10	1296.21	0.28	0.23
L	7474	1717.99	1339.85	0.23	0.18
M	1760	475.90	392.07	0.27	0.22
N	3119	835.85	657.23	0.27	0.21
P	3494	1072.83	907.97	0.31	0.26
Q	3399	937.79	761.77	0.28	0.22
R	4383	1206.73	973.15	0.28	0.22
S	4515	1232.36	1029.89	0.27	0.23
T	4014	1105.75	883.56	0.28	0.22
V	5763	1441.92	1115.16	0.25	0.19
W	786	164.73	132.67	0.21	0.17
Y	2486	517.32	405.74	0.21	0.16
